idle_joint_list = [{"joint_name":"pelvis","transform_str":"[(0.999388,-0.033612,-0.009661,0), (0.034089,0.997938,0.054382,0.956038), (0.007813,-0.054678,0.998473,0), (0,0,0,1)]"},{"joint_name":"left_hip","transform_str":"[(0.996556,0.060322,-0.056892,-0.056144), (-0.064679,0.994843,-0.078127,-0.094542), (0.051886,0.081537,0.995319,-0.023474), (0,0,0,1)]"},{"joint_name":"left_knee","transform_str":"[(0.99509,-0.002053,0.098956,-0.067229), (0.001548,0.999985,0.005182,-0.396868), (-0.098965,-0.005003,0.995078,-0.006654), (0,0,0,1)]"},{"joint_name":"left_ankle","transform_str":"[(0.984131,-0.08256,-0.157067,0.045594), (0.08732,0.9959,0.023639,-0.421286), (0.154471,-0.036979,0.987305,-0.041146), (0,0,0,1)]"},{"joint_name":"left_foot","transform_str":"[(0.974399,0.181754,-0.132332,-0.044309), (-0.159231,0.973436,0.164524,-0.060736), (0.158719,-0.139241,0.977456,0.135157), (0,0,0,1)]"},{"joint_name":"right_hip","transform_str":"[(0.996595,-0.036636,0.073868,0.05787), (0.040244,0.998038,-0.047968,-0.105167), (-0.071966,0.050778,0.996114,-0.016559), (0,0,0,1)]"},{"joint_name":"right_knee","transform_str":"[(0.997591,0.032425,-0.061327,0.050727), (-0.033253,0.999368,-0.012529,-0.379821), (0.060882,0.014538,0.998039,-0.014452), (0,0,0,1)]"},{"joint_name":"right_ankle","transform_str":"[(0.94655,0.221107,0.234851,-0.017155), (-0.24058,0.96893,0.057413,-0.434912), (-0.21486,-0.110844,0.970334,-0.039938), (0,0,0,1)]"},{"joint_name":"right_foot","transform_str":"[(0.934315,-0.2891,-0.20851,0.035444), (0.293704,0.955852,-0.009229,-0.05967), (0.201973,-0.052617,0.977977,0.141813), (0,0,0,1)]"},{"joint_name":"spine1","transform_str":"[(0.999975,0.004231,0.005639,0.001336), (-0.003703,0.995884,-0.090557,0.110417), (-0.005999,0.090534,0.995875,-0.037925), (0,0,0,1)]"},{"joint_name":"spine2","transform_str":"[(0.998945,0.008596,0.045103,-0.010209), (-0.005427,0.997538,-0.069919,0.150971), (-0.045593,0.069601,0.996532,0.004442), (0,0,0,1)]"},{"joint_name":"spine3","transform_str":"[(0.998899,-0.002286,0.046856,0.008992), (0.007181,0.994492,-0.104567,0.057847), (-0.046359,0.104788,0.993414,0.02267), (0,0,0,1)]"},{"joint_name":"left_collar","transform_str":"[(0.896637,-0.438337,-0.062472,-0.042421), (0.437366,0.89881,-0.029177,0.076277), (0.06894,-0.001162,0.99762,-0.005255), (0,0,0,1)]"},{"joint_name":"left_shoulder","transform_str":"[(0.668457,-0.713518,0.2099,-0.140945), (0.727883,0.685588,0.012488,0.060417), (-0.152815,0.144435,0.977643,-0.014899), (0,0,0,1)]"},{"joint_name":"left_elbow","transform_str":"[(0.897831,0.083629,0.432326,-0.254749), (-0.010699,0.985653,-0.168443,-0.076166), (-0.440211,0.146608,0.885845,-0.045492), (0,0,0,1)]"},{"joint_name":"left_wrist","transform_str":"[(0.996715,0.051024,0.062905,-0.271604), (-0.046837,0.996699,-0.066317,0.025613), (-0.066081,0.063153,0.995814,-0.000648), (0,0,0,1)]"},{"joint_name":"neck","transform_str":"[(0.984328,0.136927,-0.111134,0.009582), (-0.115408,0.97666,0.181154,0.166021), (0.133345,-0.165489,0.977155,-0.02724), (0,0,0,1)]"},{"joint_name":"head","transform_str":"[(0.999399,-0.013171,0.032061,-0.022903), (0.020116,0.973672,-0.227064,0.16072), (-0.028227,0.227573,0.973352,0.02294), (0,0,0,1)]"},{"joint_name":"right_collar","transform_str":"[(0.907164,0.419929,0.026718,0.046077), (-0.420245,0.907381,0.007305,0.076816), (-0.021176,-0.017854,0.999616,-0.008529), (0,0,0,1)]"},{"joint_name":"right_shoulder","transform_str":"[(0.677081,0.694223,-0.244162,0.130355), (-0.730933,0.672925,-0.113617,0.058849), (0.085427,0.255395,0.963056,-0.012586), (0,0,0,1)]"},{"joint_name":"right_elbow","transform_str":"[(0.863607,-0.06121,-0.500435,0.272493), (0.077388,0.996933,0.011611,-0.045925), (0.49819,-0.048755,0.865696,-0.032429), (0,0,0,1)]"},{"joint_name":"right_wrist","transform_str":"[(0.997045,-0.036296,-0.067698,0.263379), (0.034529,0.999036,-0.027107,2.9E-05), (0.068616,0.024689,0.997338,-0.011822), (0,0,0,1)]"}]

idle_joint2info = {e["joint_name"]: eval(e["transform_str"]) for e in idle_joint_list}

smplx_joints = ["root", "root/pelvis", "root/pelvis/left_hip", "root/pelvis/left_hip/left_knee", "root/pelvis/left_hip/left_knee/left_ankle", "root/pelvis/left_hip/left_knee/left_ankle/left_foot", "root/pelvis/right_hip", "root/pelvis/right_hip/right_knee", "root/pelvis/right_hip/right_knee/right_ankle", "root/pelvis/right_hip/right_knee/right_ankle/right_foot", "root/pelvis/spine1", "root/pelvis/spine1/spine2", "root/pelvis/spine1/spine2/spine3", "root/pelvis/spine1/spine2/spine3/neck", "root/pelvis/spine1/spine2/spine3/neck/head", "root/pelvis/spine1/spine2/spine3/neck/head/jaw", "root/pelvis/spine1/spine2/spine3/neck/head/left_eye_smplhf", "root/pelvis/spine1/spine2/spine3/neck/head/right_eye_smplhf", "root/pelvis/spine1/spine2/spine3/left_collar", "root/pelvis/spine1/spine2/spine3/left_collar/left_shoulder", "root/pelvis/spine1/spine2/spine3/left_collar/left_shoulder/left_elbow", "root/pelvis/spine1/spine2/spine3/left_collar/left_shoulder/left_elbow/left_wrist", "root/pelvis/spine1/spine2/spine3/left_collar/left_shoulder/left_elbow/left_wrist/left_index1", "root/pelvis/spine1/spine2/spine3/left_collar/left_shoulder/left_elbow/left_wrist/left_index1/left_index2", "root/pelvis/spine1/spine2/spine3/left_collar/left_shoulder/left_elbow/left_wrist/left_index1/left_index2/left_index3", "root/pelvis/spine1/spine2/spine3/left_collar/left_shoulder/left_elbow/left_wrist/left_middle1", "root/pelvis/spine1/spine2/spine3/left_collar/left_shoulder/left_elbow/left_wrist/left_middle1/left_middle2", "root/pelvis/spine1/spine2/spine3/left_collar/left_shoulder/left_elbow/left_wrist/left_middle1/left_middle2/left_middle3", "root/pelvis/spine1/spine2/spine3/left_collar/left_shoulder/left_elbow/left_wrist/left_pinky1", "root/pelvis/spine1/spine2/spine3/left_collar/left_shoulder/left_elbow/left_wrist/left_pinky1/left_pinky2", "root/pelvis/spine1/spine2/spine3/left_collar/left_shoulder/left_elbow/left_wrist/left_pinky1/left_pinky2/left_pinky3", "root/pelvis/spine1/spine2/spine3/left_collar/left_shoulder/left_elbow/left_wrist/left_ring1", "root/pelvis/spine1/spine2/spine3/left_collar/left_shoulder/left_elbow/left_wrist/left_ring1/left_ring2", "root/pelvis/spine1/spine2/spine3/left_collar/left_shoulder/left_elbow/left_wrist/left_ring1/left_ring2/left_ring3", "root/pelvis/spine1/spine2/spine3/left_collar/left_shoulder/left_elbow/left_wrist/left_thumb1", "root/pelvis/spine1/spine2/spine3/left_collar/left_shoulder/left_elbow/left_wrist/left_thumb1/left_thumb2", "root/pelvis/spine1/spine2/spine3/left_collar/left_shoulder/left_elbow/left_wrist/left_thumb1/left_thumb2/left_thumb3", "root/pelvis/spine1/spine2/spine3/right_collar", "root/pelvis/spine1/spine2/spine3/right_collar/right_shoulder", "root/pelvis/spine1/spine2/spine3/right_collar/right_shoulder/right_elbow", "root/pelvis/spine1/spine2/spine3/right_collar/right_shoulder/right_elbow/right_wrist", "root/pelvis/spine1/spine2/spine3/right_collar/right_shoulder/right_elbow/right_wrist/right_index1", "root/pelvis/spine1/spine2/spine3/right_collar/right_shoulder/right_elbow/right_wrist/right_index1/right_index2", "root/pelvis/spine1/spine2/spine3/right_collar/right_shoulder/right_elbow/right_wrist/right_index1/right_index2/right_index3", "root/pelvis/spine1/spine2/spine3/right_collar/right_shoulder/right_elbow/right_wrist/right_middle1", "root/pelvis/spine1/spine2/spine3/right_collar/right_shoulder/right_elbow/right_wrist/right_middle1/right_middle2", "root/pelvis/spine1/spine2/spine3/right_collar/right_shoulder/right_elbow/right_wrist/right_middle1/right_middle2/right_middle3", "root/pelvis/spine1/spine2/spine3/right_collar/right_shoulder/right_elbow/right_wrist/right_pinky1", "root/pelvis/spine1/spine2/spine3/right_collar/right_shoulder/right_elbow/right_wrist/right_pinky1/right_pinky2", "root/pelvis/spine1/spine2/spine3/right_collar/right_shoulder/right_elbow/right_wrist/right_pinky1/right_pinky2/right_pinky3", "root/pelvis/spine1/spine2/spine3/right_collar/right_shoulder/right_elbow/right_wrist/right_ring1", "root/pelvis/spine1/spine2/spine3/right_collar/right_shoulder/right_elbow/right_wrist/right_ring1/right_ring2", "root/pelvis/spine1/spine2/spine3/right_collar/right_shoulder/right_elbow/right_wrist/right_ring1/right_ring2/right_ring3", "root/pelvis/spine1/spine2/spine3/right_collar/right_shoulder/right_elbow/right_wrist/right_thumb1", "root/pelvis/spine1/spine2/spine3/right_collar/right_shoulder/right_elbow/right_wrist/right_thumb1/right_thumb2", "root/pelvis/spine1/spine2/spine3/right_collar/right_shoulder/right_elbow/right_wrist/right_thumb1/right_thumb2/right_thumb3"]

smplx_joint_num = len(smplx_joints)
smplx_joint2path = {value.split("/")[-1]: value for value in smplx_joints}